100
104
105
109
110
111
112
113
116
118
119
121
122
123
124
127
129
133
134
135
137
143
144
145
146
147
148
150
155
157
158
162
164
167
168
170
171
172
173
174
177
178
179
182
184
187
190
191
192
197
198
201
202
206
210
213
214
215
216
217
218
222
223
224
227
231
232
234
235
238
239
240
241
244
245
246
249
252
256
262
263
265
269
272
273
275
277
281
287
290
292
294
296
300
302
304
305
306
307
309
310
314
315
318
319
320
322
324
329
330
331
333
334
335
336
337
338
343
344
346
347
348
351
352
353
359
362
363
366
367
371
372
373
374
375
376
377
381
382
383
385
390
391
394
398
403
404
406
407
408
410
411
414
419
421
429
434
435
440
441
444
446
447
448
452
453
455
460
462
467
469
472
474
476
478
479
480
481
484
487
488
489
490
495
497
498
499
500
501
502
503
504
505
508
512
514
515
518
519
520
521
525
526
53
535
54
540
542
543
544
545
547
549
55
550
553
554
555
556
557
559
56
560
561
565
566
568
569
570
571
572
575
576
577
58
580
582
585
589
590
592
593
594
595
597
600
601
604
606
608
611
613
614
615
616
617
618
620
621
622
624
627
628
629
63
631
632
633
636
639
64
643
645
646
647
648
65
651
652
655
656
657
66
660
662
664
666
668
669
67
674
677
678
684
686
687
688
696
70
700
701
702
704
708
709
710
713
715
717
719
721
724
725
726
727
729
732
733
735
736
739
74
742
747
748
749
75
752
753
755
756
759
760
761
763
764
765
766
767
770
771
772
774
776
777
778
78
780
787
79
790
795
797
798
803
805
807
808
809
810
812
813
814
816
817
818
819
82
820
825
83
830
831
832
836
841
843
845
847
849
85
850
851
852
853
854
855
858
86
860
862
863
865
866
868
869
870
873
874
875
876
879
880
885
887
889
89
890
891
894
895
902
903
905
906
908
909
910
95
97
