0
1
100
1002
1003
1005
1006
1008
101
1011
1013
1014
1015
1016
1019
102
1020
1022
1024
1025
1027
1028
1033
1036
1037
1038
1040
1041
1045
1046
1047
1048
1053
1054
1056
1059
1060
1061
1062
1065
1066
1067
1068
1069
1070
1073
1075
1076
1077
1079
108
1080
1081
1082
1083
1084
1086
1087
1089
1090
1092
1095
1096
11
1100
1101
1108
1109
1114
1118
1119
1121
1122
1127
1128
1129
113
1130
1131
1132
1134
1135
1136
1138
1139
1140
1142
1143
1145
1146
1147
1148
115
1150
1151
1153
1154
1156
1157
1160
1161
1162
1164
1167
117
1170
1174
1177
1180
1182
1183
1186
1188
119
1191
1192
1197
120
1200
1201
1202
1203
123
124
125
126
127
128
13
132
136
137
138
14
146
148
149
151
154
16
161
165
167
169
17
171
172
173
176
177
179
18
181
186
188
189
19
190
191
193
196
197
198
199
2
20
201
202
208
209
21
218
219
222
223
224
229
23
233
235
236
238
239
24
240
244
245
246
248
249
251
254
255
256
257
26
260
262
266
269
27
270
272
273
274
275
277
279
280
282
283
285
287
288
289
290
295
296
297
299
3
30
303
304
305
31
310
313
314
315
316
317
327
328
329
33
331
333
334
335
336
339
340
346
352
355
359
36
361
363
364
365
366
367
368
369
37
372
373
374
376
377
379
38
380
382
384
386
387
388
39
392
394
395
396
398
399
40
400
401
402
404
405
406
408
409
41
412
417
418
420
421
424
425
427
428
429
43
430
431
433
435
436
437
439
441
443
449
452
453
455
457
46
460
461
463
464
465
467
47
470
474
475
477
478
482
483
485
486
487
488
49
491
492
493
495
496
498
499
5
500
501
51
511
514
516
519
52
520
521
522
525
526
528
53
531
533
534
537
538
54
541
543
546
547
55
553
555
557
558
561
563
564
565
567
572
573
577
578
58
584
585
589
592
595
596
597
602
603
604
609
61
610
611
614
615
616
617
618
62
622
623
624
626
627
630
631
634
635
637
638
639
640
641
644
645
647
648
649
651
654
66
660
661
662
664
665
666
67
670
673
674
675
676
677
678
679
68
681
682
689
690
691
694
697
698
699
70
700
701
702
703
704
708
711
712
713
714
715
716
719
720
721
722
723
725
726
728
729
73
730
735
736
737
74
740
741
742
744
745
747
75
751
754
755
756
758
759
760
761
762
763
764
766
767
768
771
772
773
774
775
777
778
779
78
781
786
787
788
79
790
791
792
793
794
802
804
805
807
81
812
813
814
815
816
818
819
82
821
822
823
824
825
826
827
83
833
834
836
842
843
846
847
849
85
853
854
855
856
859
860
861
862
863
868
871
872
873
874
875
876
878
879
88
881
882
883
886
887
888
889
890
893
897
898
900
901
902
904
905
906
907
909
91
910
912
914
915
919
922
923
927
93
930
931
932
933
934
937
938
941
942
944
946
947
952
953
955
960
961
964
967
97
970
971
972
975
977
98
983
984
985
986
988
989
991
992
993
994
995
996
997
999
